12
-2.199998 -0.070000 -0.800000 762.000000 -10.000000 0.000000 -11.000000 23.000000 -35.000000 37.000000 -32.000000 0.000000
-2.199998 -0.070000 -0.800000 762.000000 -10.000000 0.000000 -11.000000 23.000000 -35.000000 37.000000 -94.000000 0.000000
-2.199998 -0.070000 -0.800000 762.000000 -10.000000 0.000000 -11.000000 23.000000 -35.000000 37.000000 -98.000000 0.000000
-2.199998 -0.070000 -0.800000 762.000000 -10.000000 0.000000 -11.000000 23.000000 -35.000000 37.000000 -150.000000 0.000000
-1.679999 -0.070000 -0.660000 579.000000 -22.000000 0.000000 -11.000000 23.000000 -35.000000 37.000000 -150.000000 0.000000
-1.679999 -0.320000 -0.660000 579.000000 -22.000000 0.000000 -11.000000 23.000000 -35.000000 37.000000 -150.000000 0.000000
-1.949999 -0.320000 -0.820000 579.000000 -22.000000 0.000000 -11.000000 23.000000 -35.000000 37.000000 -150.000000 0.000000
-1.949999 -0.320000 -0.820000 579.000000 -22.000000 0.000000 56.000000 23.000000 -35.000000 37.000000 -150.000000 0.000000
-1.949999 -0.320000 -0.820000 579.000000 -22.000000 0.000000 56.000000 23.000000 3.000000 37.000000 -150.000000 0.000000
-2.119998 -0.320000 -0.820000 579.000000 -22.000000 0.000000 56.000000 23.000000 3.000000 -11.000000 -150.000000 0.000000
-2.309998 -0.320000 -0.889999 579.000000 -22.000000 0.000000 55.000000 -61.000000 7.000000 -11.000000 -150.000000 0.000000
-2.309998 -0.320000 -0.889999 602.000000 -35.000000 0.000000 55.000000 -61.000000 7.000000 -11.000000 -150.000000 0.000000
