15
-2.309998 -0.320000 -0.889999 588.000000 -35.000000 0.000000 55.000000 -61.000000 7.000000 -11.000000 -122.000000 0.000000
-2.309998 -0.320000 -0.889999 588.000000 -35.000000 0.000000 55.000000 -61.000000 7.000000 -11.000000 -98.000000 0.000000
-2.309998 -0.320000 -0.889999 588.000000 -35.000000 0.000000 55.000000 -61.000000 7.000000 -11.000000 -64.000000 0.000000
-2.309998 -0.320000 -0.889999 706.000000 -35.000000 0.000000 55.000000 -61.000000 7.000000 -11.000000 -64.000000 0.000000
-2.309998 -0.320000 -0.889999 706.000000 -35.000000 0.000000 75.000000 -61.000000 -30.000000 -11.000000 -64.000000 0.000000
-2.309998 -0.320000 -0.889999 706.000000 -35.000000 0.000000 75.000000 -61.000000 -30.000000 42.000000 -64.000000 0.000000
-2.149998 -0.320000 -0.859999 706.000000 -35.000000 0.000000 75.000000 30.000000 -30.000000 42.000000 -64.000000 0.000000
-2.149998 -0.330000 -0.859999 706.000000 -35.000000 0.000000 75.000000 30.000000 -30.000000 42.000000 -64.000000 0.000000
-2.149998 -0.330000 -0.859999 762.000000 -56.000000 0.000000 60.000000 30.000000 -30.000000 42.000000 -64.000000 0.000000
-2.149998 -0.330000 -0.859999 762.000000 -56.000000 0.000000 16.000000 30.000000 -30.000000 42.000000 -64.000000 0.000000
-2.149998 -0.330000 -0.859999 762.000000 -56.000000 0.000000 60.000000 30.000000 -30.000000 42.000000 -64.000000 0.000000
-2.149998 -0.330000 -0.859999 344.000000 -8.000000 0.000000 60.000000 30.000000 -30.000000 42.000000 -428.000000 0.000000
-2.149998 -0.330000 -0.859999 344.000000 -8.000000 0.000000 60.000000 30.000000 -30.000000 42.000000 -428.000000 0.000000
-2.149998 -0.330000 -0.859999 344.000000 50.000000 0.000000 60.000000 30.000000 -30.000000 42.000000 -428.000000 0.000000
-2.149998 -0.330000 -0.859999 344.000000 -49.000000 0.000000 60.000000 30.000000 -30.000000 42.000000 -428.000000 0.000000
