15
-1.209999 -0.250000 -1.399999 724.000000 -362.000000 0.000000 -29.000000 20.000000 314.000000 53.000000 318.000000 0.000000
-1.209999 -0.250000 -1.399999 724.000000 -335.000000 0.000000 -29.000000 20.000000 314.000000 53.000000 318.000000 0.000000
-1.209999 -0.250000 -1.399999 724.000000 -354.000000 0.000000 -29.000000 20.000000 314.000000 53.000000 318.000000 0.000000
-1.209999 -0.250000 -1.399999 724.000000 -354.000000 0.000000 -29.000000 20.000000 314.000000 53.000000 318.000000 0.000000
-1.209999 -0.250000 -1.399999 724.000000 -372.000000 0.000000 -29.000000 20.000000 314.000000 53.000000 318.000000 0.000000
-1.209999 -0.250000 -1.399999 724.000000 -365.000000 0.000000 -29.000000 20.000000 314.000000 53.000000 318.000000 0.000000
-1.209999 -0.250000 -1.399999 724.000000 -351.000000 0.000000 -29.000000 20.000000 314.000000 53.000000 318.000000 0.000000
-1.209999 -0.250000 -1.399999 724.000000 -340.000000 0.000000 -29.000000 20.000000 314.000000 53.000000 318.000000 0.000000
-1.209999 -0.250000 -1.399999 724.000000 -322.000000 0.000000 -29.000000 20.000000 314.000000 53.000000 318.000000 0.000000
-2.019999 -0.070000 -0.989999 425.000000 6.000000 0.000000 0.000000 0.000000 0.000000 0.000000 0.000000 0.000000
-2.019999 -0.070000 -0.989999 419.000000 6.000000 0.000000 0.000000 0.000000 0.000000 0.000000 -18.000000 0.000000
-2.019999 -0.070000 -0.989999 419.000000 6.000000 0.000000 0.000000 0.000000 0.000000 0.000000 -34.000000 0.000000
-2.019999 -0.070000 -0.989999 419.000000 6.000000 0.000000 0.000000 0.000000 -24.000000 0.000000 -34.000000 0.000000
-2.019999 -0.070000 -0.989999 419.000000 6.000000 0.000000 0.000000 0.000000 -40.000000 0.000000 -34.000000 0.000000
-2.019999 -0.070000 -0.989999 419.000000 6.000000 0.000000 0.000000 22.000000 -40.000000 0.000000 -34.000000 0.000000
